1 0.041667 0.107552 0.033333 0.235103
1 0.125000 0.441824 0.033333 0.252530
0 0.236111 0.526140 0.033333 0.200250
1 0.291667 0.459294 0.033333 0.147883
0 0.347222 0.770375 0.033333 0.200250
1 0.402778 0.694772 0.033333 0.165396
0 0.458333 0.787801 0.033333 0.211868
1 0.569444 0.651162 0.033333 0.159501
1 0.625000 0.654066 0.033333 0.165310
1 0.680556 0.706390 0.033333 0.130543
0 0.708333 0.843029 0.033333 0.333941
1 0.847222 0.328464 0.033333 0.246721
0 0.875000 0.395353 0.033333 0.159587
1 0.902778 0.357552 0.033333 0.200163
0 0.958333 0.517427 0.033333 0.159587
1 0.986111 0.401162 0.033333 0.275766