1 0.014706 0.202302 0.035294 0.087396
0 0.102941 0.876415 0.035294 0.267170
1 0.220588 0.516868 0.035294 0.267170
0 0.279412 0.539358 0.035294 0.267170
1 0.308824 0.353962 0.035294 0.278415
0 0.338235 0.393283 0.035294 0.244754
1 0.367647 0.191056 0.035294 0.109887
0 0.455882 0.359585 0.035294 0.087396
1 0.485294 0.123660 0.035294 0.109887
0 0.602941 0.348302 0.035294 0.020000
0 0.720588 0.151698 0.035294 0.076151
1 0.779412 0.073056 0.035294 0.166113
1 0.897059 0.157321 0.035294 0.087396
0 0.926471 0.213509 0.035294 0.109812
0 0.985294 0.168566 0.035294 0.109887