0 0.013889 0.894026 0.033333 0.231948
1 0.125000 0.274852 0.033333 0.145808
0 0.208333 0.509934 0.033333 0.152476
0 0.263889 0.420528 0.033333 0.198743
0 0.319444 0.367558 0.033333 0.238548
1 0.347222 0.278118 0.033333 0.205412
0 0.375000 0.357624 0.033333 0.139208
1 0.458333 0.076172 0.033333 0.172344
0 0.513889 0.274852 0.033333 0.172344
1 0.541667 0.185446 0.033333 0.245148
0 0.652778 0.437062 0.033333 0.205412
0 0.708333 0.344390 0.033333 0.125940
1 0.791667 0.264918 0.033333 0.205412
0 0.902778 0.354290 0.033333 0.092804