0 0.040541 0.788255 0.032432 0.302327
0 0.094595 0.605873 0.032432 0.337618
1 0.148649 0.311759 0.032432 0.408339
1 0.229730 0.258823 0.032432 0.208171
1 0.391892 0.452922 0.032432 0.337757
1 0.445946 0.447064 0.032432 0.278892
0 0.472973 0.711815 0.032432 0.431773
1 0.527027 0.688241 0.032432 0.220028
1 0.581081 0.817618 0.032432 0.337618
0 0.608108 0.864695 0.032432 0.290610
1 0.770270 0.288255 0.032432 0.455347
1 0.824324 0.264681 0.032432 0.149307
0 0.851351 0.405845 0.032432 0.267036
1 0.959459 0.135305 0.032432 0.290610