1 0.013889 0.069449 0.033333 0.158898
0 0.041667 0.123002 0.033333 0.210468
1 0.069444 0.099201 0.033333 0.218402
0 0.152778 0.259917 0.033333 0.158898
0 0.291667 0.468236 0.033333 0.107329
1 0.458333 0.349201 0.033333 0.115206
0 0.541667 0.563470 0.033333 0.297797
1 0.625000 0.551570 0.033333 0.091404
1 0.708333 0.740054 0.033333 0.135040
0 0.763889 0.910688 0.033333 0.135040
1 0.819444 0.831322 0.033333 0.111295
0 0.847222 0.882920 0.033333 0.150908
1 0.902778 0.853140 0.033333 0.139064
0 0.986111 0.968236 0.033333 0.083527