0 0.041667 0.797923 0.033333 0.201230
1 0.152778 0.242166 0.033333 0.162902
0 0.208333 0.271767 0.033333 0.222103
0 0.263889 0.219532 0.033333 0.187245
1 0.319444 0.111488 0.033333 0.242976
0 0.458333 0.278759 0.033333 0.173312
0 0.541667 0.303154 0.033333 0.249968
1 0.652778 0.250868 0.033333 0.124573
0 0.708333 0.618480 0.033333 0.392818
1 0.763889 0.623712 0.033333 0.410221
0 0.791667 0.886777 0.033333 0.246446
1 0.875000 0.850184 0.033333 0.159379
0 0.902778 0.879810 0.033333 0.204648
0 0.986111 0.904180 0.033333 0.134984