0 0.013889 0.888855 0.033333 0.242290
0 0.069444 0.777754 0.033333 0.277356
0 0.180556 0.637401 0.033333 0.324053
1 0.208333 0.415198 0.033333 0.218854
0 0.236111 0.546741 0.033333 0.283172
1 0.291667 0.242687 0.033333 0.283172
1 0.375000 0.315771 0.033333 0.557974
0 0.458333 0.698811 0.033333 0.131101
0 0.625000 0.508723 0.033333 0.265638
1 0.680556 0.374273 0.033333 0.172070
0 0.763889 0.502908 0.033333 0.347402
1 0.791667 0.406388 0.033333 0.283172
0 0.819444 0.479516 0.033333 0.265552
1 0.958333 0.081851 0.033333 0.183701