1 0.013889 0.161750 0.033333 0.343500
0 0.041667 0.254179 0.033333 0.225875
1 0.069444 0.207964 0.033333 0.267911
1 0.180556 0.472683 0.033333 0.351920
0 0.236111 0.905482 0.033333 0.209036
1 0.375000 0.415929 0.033333 0.288929
0 0.402778 0.588250 0.033333 0.221696
1 0.458333 0.502120 0.033333 0.209098
0 0.486111 0.575621 0.033333 0.204920
0 0.569444 0.449576 0.033333 0.263670
0 0.625000 0.411750 0.033333 0.104071
1 0.652778 0.346607 0.033333 0.133446
0 0.708333 0.401241 0.033333 0.116607
1 0.791667 0.277286 0.033333 0.171303
0 0.847222 0.386522 0.033333 0.162884
0 0.902778 0.308813 0.033333 0.158643
1 0.930556 0.220563 0.033333 0.158643
0 0.958333 0.275196 0.033333 0.209036
1 0.986111 0.258388 0.033333 0.192259