1 0.044118 0.627578 0.035294 0.157914
0 0.102941 0.779311 0.035294 0.102776
0 0.220588 0.786209 0.035294 0.447583
1 0.279412 0.413787 0.035294 0.171710
0 0.397059 0.679302 0.035294 0.109651
1 0.426471 0.475846 0.035294 0.020000
0 0.455882 0.627578 0.035294 0.185506
1 0.514706 0.372422 0.035294 0.088980
0 0.544118 0.431043 0.035294 0.082104
1 0.573529 0.303465 0.035294 0.144118
0 0.661765 0.193120 0.035294 0.116572
0 0.779412 0.255202 0.035294 0.406195
1 0.838235 0.096572 0.035294 0.033750
0 0.926471 0.193120 0.035294 0.116572
1 0.955882 0.072417 0.035294 0.164834
0 0.985294 0.344830 0.035294 0.033796