0 0.013889 0.409284 0.033333 0.247852
1 0.041667 0.358642 0.033333 0.188742
0 0.069444 0.489433 0.033333 0.247852
1 0.125000 0.086494 0.033333 0.133926
0 0.180556 0.113926 0.033333 0.247852
0 0.347222 0.622346 0.033333 0.192988
1 0.375000 0.508444 0.033333 0.201432
0 0.486111 0.738371 0.033333 0.138124
1 0.513889 0.691951 0.033333 0.155013
1 0.569444 0.689852 0.033333 0.176099
1 0.625000 0.704618 0.033333 0.087506
1 0.763889 0.782692 0.033333 0.091753
1 0.847222 0.854420 0.033333 0.091704
1 0.986111 0.964100 0.033333 0.083308