1 0.013889 0.408091 0.033333 0.203819
0 0.069444 0.588242 0.033333 0.284725
1 0.152778 0.205879 0.033333 0.299507
0 0.180556 0.562514 0.033333 0.527335
0 0.236111 0.768393 0.033333 0.203819
1 0.319444 0.702212 0.033333 0.247940
0 0.375000 0.834574 0.033333 0.350851
0 0.597222 0.363970 0.033333 0.203819
1 0.652778 0.125028 0.033333 0.270056
0 0.680556 0.257391 0.033333 0.196484
1 0.708333 0.220549 0.033333 0.255275
0 0.763889 0.536786 0.033333 0.372967
0 0.875000 0.555179 0.033333 0.130358
1 0.986111 0.154423 0.033333 0.181703