1 0.013889 0.662632 0.033333 0.471438
1 0.069444 0.487860 0.033333 0.228701
0 0.097222 0.543648 0.033333 0.243298
1 0.125000 0.461158 0.033333 0.388912
0 0.180556 0.429614 0.033333 0.277263
1 0.291667 0.111649 0.033333 0.243298
1 0.347222 0.254842 0.033333 0.287018
0 0.375000 0.305825 0.033333 0.204420
1 0.402778 0.247543 0.033333 0.204492
1 0.458333 0.223298 0.033333 0.175369
1 0.569444 0.449053 0.033333 0.102526
0 0.708333 0.883473 0.033333 0.253054
0 0.875000 0.737860 0.033333 0.204492
1 0.986111 0.393193 0.033333 0.223931