0 0.013889 0.257468 0.033333 0.475487
1 0.041667 0.202972 0.033333 0.425945
0 0.069444 0.301982 0.033333 0.564513
1 0.125000 0.311890 0.033333 0.505064
0 0.152778 0.722789 0.033333 0.455522
0 0.263889 0.797028 0.033333 0.425945
0 0.375000 0.727743 0.033333 0.247743
0 0.486111 0.608991 0.033333 0.208110
0 0.597222 0.351523 0.033333 0.307193
0 0.652778 0.316844 0.033333 0.356735
0 0.763889 0.326752 0.033333 0.218018
1 0.791667 0.193064 0.033333 0.346678
1 0.902778 0.113872 0.033333 0.128844
1 0.986111 0.267377 0.033333 0.297137