0 0.013158 0.139693 0.031579 0.152368
1 0.039474 0.061754 0.031579 0.143509
0 0.065789 0.142632 0.031579 0.258246
0 0.223684 0.498531 0.031579 0.134693
1 0.276316 0.466184 0.031579 0.164123
0 0.302632 0.539715 0.031579 0.152325
1 0.407895 0.355899 0.031579 0.255307
0 0.513158 0.776469 0.031579 0.196447
1 0.539474 0.760307 0.031579 0.193509
0 0.565789 0.823553 0.031579 0.231754
0 0.618421 0.650022 0.031579 0.378816
1 0.644737 0.545592 0.031579 0.193553
0 0.776316 0.894123 0.031579 0.131754
0 0.828947 0.948531 0.031579 0.122939
0 0.881579 0.944123 0.031579 0.108246