0 0.013889 0.880818 0.033333 0.258364
1 0.069444 0.563963 0.033333 0.357234
1 0.125000 0.511636 0.033333 0.194468
0 0.180556 0.665725 0.033333 0.258364
0 0.236111 0.587201 0.033333 0.299056
1 0.291667 0.584342 0.033333 0.153710
0 0.319444 0.604654 0.033333 0.147926
1 0.541667 0.183145 0.033333 0.258364
0 0.625000 0.267453 0.033333 0.240944
1 0.680556 0.159907 0.033333 0.339814
1 0.736111 0.229654 0.033333 0.188617
0 0.819444 0.406981 0.033333 0.171197
1 0.875000 0.116290 0.033333 0.240878
0 0.902778 0.250033 0.033333 0.159561
1 0.986111 0.156981 0.033333 0.147926