0 0.014286 0.921581 0.034286 0.176839
1 0.071429 0.627484 0.034286 0.137678
0 0.128571 0.686290 0.034286 0.216064
1 0.242857 0.147065 0.034286 0.314129
0 0.271429 0.352968 0.034286 0.098452
1 0.300000 0.200984 0.034286 0.029839
0 0.328571 0.284323 0.034286 0.157290
1 0.414286 0.254903 0.034286 0.137678
1 0.471429 0.343161 0.034286 0.118065
0 0.728571 0.892161 0.034286 0.235677
1 0.757143 0.745129 0.034286 0.216064
0 0.814286 0.735323 0.034286 0.118000
0 0.900000 0.529419 0.034286 0.137678
1 0.928571 0.460807 0.034286 0.078774
1 0.985714 0.573532 0.034286 0.069000