1 0.041667 0.676468 0.033333 0.366457
1 0.097222 0.679757 0.033333 0.176882
0 0.152778 0.797369 0.033333 0.176882
0 0.236111 0.892156 0.033333 0.235688
0 0.291667 0.892156 0.033333 0.170304
0 0.347222 0.725506 0.033333 0.320608
1 0.375000 0.575152 0.033333 0.216053
0 0.458333 0.754909 0.033333 0.131034
0 0.541667 0.666700 0.033333 0.137612
0 0.597222 0.650304 0.033333 0.091863
1 0.791667 0.134008 0.033333 0.288016
0 0.819444 0.310426 0.033333 0.562510
1 0.875000 0.179757 0.033333 0.131133
0 0.930556 0.467358 0.033333 0.301072