1 0.013889 0.726803 0.033333 0.566395
0 0.069444 0.734541 0.033333 0.324115
1 0.125000 0.260287 0.033333 0.313771
0 0.180556 0.376255 0.033333 0.267414
0 0.263889 0.597962 0.033333 0.360204
1 0.291667 0.425255 0.033333 0.190102
0 0.319444 0.466478 0.033333 0.221057
1 0.402778 0.322159 0.033333 0.148802
1 0.625000 0.322159 0.033333 0.138535
0 0.708333 0.384032 0.033333 0.179834
1 0.847222 0.043828 0.033333 0.107656
0 0.875000 0.152057 0.033333 0.231401
1 0.930556 0.100529 0.033333 0.148879
0 0.958333 0.154662 0.033333 0.112790
1 0.986111 0.115968 0.033333 0.159223