1 0.013158 0.395248 0.031579 0.378200
0 0.065789 0.824323 0.031579 0.276720
1 0.144737 0.594533 0.031579 0.317292
0 0.197368 0.888503 0.031579 0.242994
0 0.276316 0.793869 0.031579 0.229504
1 0.381579 0.152019 0.031579 0.324037
0 0.434211 0.499950 0.031579 0.263230
0 0.486842 0.557384 0.031579 0.351118
0 0.565789 0.466173 0.031579 0.168696
0 0.618421 0.432397 0.031579 0.114634
1 0.644737 0.273633 0.031579 0.283566
1 0.723684 0.273633 0.031579 0.107788
0 0.802632 0.429024 0.031579 0.094398
1 0.934211 0.256720 0.031579 0.141615
0 0.986842 0.493204 0.031579 0.398335