1 0.097222 0.848215 0.033333 0.144991
1 0.236111 0.348215 0.033333 0.430748
0 0.291667 0.489789 0.033333 0.300614
1 0.319444 0.330365 0.033333 0.257236
0 0.347222 0.375009 0.033333 0.178157
0 0.458333 0.265317 0.033333 0.147562
1 0.513889 0.119885 0.033333 0.122035
0 0.597222 0.142860 0.033333 0.152630
1 0.652778 0.089290 0.033333 0.198580
0 0.708333 0.173474 0.033333 0.162879
1 0.736111 0.098215 0.033333 0.150096
0 0.791667 0.488522 0.033333 0.175624
1 0.847222 0.344395 0.033333 0.152630
0 0.902778 0.557409 0.033333 0.328676