1 0.042857 0.822082 0.034286 0.087539
1 0.157143 0.918929 0.034286 0.092089
0 0.185714 0.954959 0.034286 0.110082
0 0.271429 0.909918 0.034286 0.056045
1 0.300000 0.788297 0.034286 0.065056
0 0.328571 0.819836 0.034286 0.038022
1 0.385714 0.693695 0.034286 0.110082
0 0.414286 0.738751 0.034286 0.074037
0 0.471429 0.725234 0.034286 0.101071
0 0.671429 0.477487 0.034286 0.146126
1 0.728571 0.243242 0.034286 0.254230
0 0.785714 0.306320 0.034286 0.092089
1 0.871429 0.099108 0.034286 0.218216
0 0.900000 0.216223 0.034286 0.092059
1 0.957143 0.193695 0.034286 0.083048