1 0.041667 0.114896 0.033333 0.107388
0 0.097222 0.200645 0.033333 0.168858
0 0.152778 0.163431 0.033333 0.126802
1 0.236111 0.042080 0.033333 0.104161
0 0.319444 0.276688 0.033333 0.126802
1 0.347222 0.199032 0.033333 0.113893
0 0.486111 0.593868 0.033333 0.081519
0 0.541667 0.589027 0.033333 0.091202
0 0.680556 0.545308 0.033333 0.191549
1 0.736111 0.530760 0.033333 0.155899
0 0.791667 0.745953 0.033333 0.100884
1 0.847222 0.686097 0.033333 0.091202
1 0.958333 0.843049 0.033333 0.133307
0 0.986111 0.946599 0.033333 0.126802