0 0.013514 0.677569 0.032432 0.354684
1 0.040541 0.508152 0.032432 0.285316
0 0.094595 0.579595 0.032432 0.191443
0 0.175676 0.783671 0.032432 0.452658
0 0.229730 0.742861 0.032432 0.183290
1 0.337838 0.310203 0.032432 0.330227
0 0.364865 0.420405 0.032432 0.166937
0 0.445946 0.348987 0.032432 0.130227
1 0.472973 0.302050 0.032432 0.134279
0 0.608108 0.497950 0.032432 0.134279
0 0.716216 0.326507 0.032432 0.199595
1 0.770270 0.146937 0.032432 0.232253
1 0.824324 0.046937 0.032432 0.113874
1 0.905405 0.108152 0.032432 0.138379