0 0.013158 0.871415 0.031579 0.277171
0 0.065789 0.732681 0.031579 0.236334
0 0.144737 0.806119 0.031579 0.171009
1 0.171053 0.736722 0.031579 0.252681
0 0.223684 0.744895 0.031579 0.220049
1 0.276316 0.718370 0.031579 0.134305
0 0.302632 0.738788 0.031579 0.142448
1 0.434211 0.071433 0.031579 0.162866
0 0.486842 0.199957 0.031579 0.191427
1 0.565789 0.089754 0.031579 0.117958
1 0.644737 0.193850 0.031579 0.154662
1 0.750000 0.297946 0.031579 0.093529
1 0.802632 0.342823 0.031579 0.085326
0 0.828947 0.373450 0.031579 0.122030
1 0.960526 0.332645 0.031579 0.138376