1 0.092105 0.287791 0.031579 0.206997
0 0.144737 0.456818 0.031579 0.156681
1 0.171053 0.248203 0.031579 0.516406
0 0.250000 0.798573 0.031579 0.422854
1 0.276316 0.625899 0.031579 0.509218
0 0.355263 0.687051 0.031579 0.430042
0 0.407895 0.715803 0.031579 0.372537
1 0.460526 0.291385 0.031579 0.574018
1 0.539474 0.312949 0.031579 0.329409
1 0.644737 0.453278 0.031579 0.235857
1 0.723684 0.460466 0.031579 0.264609
1 0.776316 0.392125 0.031579 0.113552
0 0.828947 0.539588 0.031579 0.279092
0 0.960526 0.525158 0.031579 0.250233