0 0.097222 0.468954 0.033333 0.257255
1 0.152778 0.316405 0.033333 0.246013
0 0.208333 0.449183 0.033333 0.161242
1 0.263889 0.398333 0.033333 0.161242
0 0.319444 0.437876 0.033333 0.149999
1 0.375000 0.412451 0.033333 0.133006
0 0.430556 0.621503 0.033333 0.144313
1 0.486111 0.553693 0.033333 0.110392
0 0.541667 0.672353 0.033333 0.166928
1 0.625000 0.471765 0.033333 0.127321
1 0.763889 0.615817 0.033333 0.121699
0 0.875000 0.926568 0.033333 0.166863
1 0.902778 0.889869 0.033333 0.127321
1 0.986111 0.903954 0.033333 0.133006