0 0.013889 0.558203 0.033333 0.268696
1 0.041667 0.407421 0.033333 0.348039
0 0.097222 0.497392 0.033333 0.242222
1 0.152778 0.097914 0.033333 0.215827
0 0.208333 0.261933 0.033333 0.236927
1 0.236111 0.211672 0.033333 0.189354
0 0.291667 0.698396 0.033333 0.337449
0 0.375000 0.761893 0.033333 0.189275
0 0.486111 0.656117 0.033333 0.157585
1 0.513889 0.584677 0.033333 0.194569
1 0.652778 0.613758 0.033333 0.168174
0 0.708333 0.867710 0.033333 0.284580
1 0.819444 0.629643 0.033333 0.168174
0 0.958333 0.841275 0.033333 0.094048