1 0.013889 0.299608 0.033333 0.463580
0 0.180556 0.459161 0.033333 0.307944
1 0.236111 0.093370 0.033333 0.206740
1 0.347222 0.375468 0.033333 0.272923
0 0.375000 0.472755 0.033333 0.218433
1 0.402778 0.400783 0.033333 0.206740
0 0.430556 0.492224 0.033333 0.233985
1 0.458333 0.480531 0.033333 0.218433
0 0.486111 0.562266 0.033333 0.202881
1 0.569444 0.293762 0.033333 0.195105
0 0.708333 0.840476 0.033333 0.339048
1 0.819444 0.686769 0.033333 0.249595
0 0.875000 0.673147 0.033333 0.206798
1 0.930556 0.643943 0.033333 0.117287
0 0.986111 0.723720 0.033333 0.292392