1 0.013889 0.771887 0.033333 0.181313
0 0.041667 0.794912 0.033333 0.190550
1 0.069444 0.675100 0.033333 0.347175
0 0.125000 0.907831 0.033333 0.204338
1 0.152778 0.813388 0.033333 0.236600
0 0.208333 0.859437 0.033333 0.116788
1 0.236111 0.838687 0.033333 0.149050
0 0.263889 0.900938 0.033333 0.172075
1 0.402778 0.520716 0.033333 0.176694
0 0.430556 0.608266 0.033333 0.102931
1 0.486111 0.552978 0.033333 0.130644
1 0.541667 0.578347 0.033333 0.153669
0 0.569444 0.665862 0.033333 0.172075
1 0.930556 0.062216 0.033333 0.144431