0 0.013889 0.304511 0.033333 0.298150
1 0.041667 0.244347 0.033333 0.253041
0 0.180556 0.488752 0.033333 0.471200
1 0.236111 0.142824 0.033333 0.305648
1 0.319444 0.375923 0.033333 0.425976
0 0.347222 0.454892 0.033333 0.433475
1 0.375000 0.424781 0.033333 0.388482
0 0.430556 0.533802 0.033333 0.185436
1 0.486111 0.172935 0.033333 0.275653
0 0.625000 0.349619 0.033333 0.283152
1 0.652778 0.300704 0.033333 0.305764
1 0.736111 0.323316 0.033333 0.230545
0 0.763889 0.676684 0.033333 0.666631
1 0.847222 0.244347 0.033333 0.208048