0 0.013889 0.811457 0.033333 0.397086
1 0.069444 0.228822 0.033333 0.443758
0 0.152778 0.510613 0.033333 0.227596
1 0.236111 0.059331 0.033333 0.138662
0 0.291667 0.368646 0.033333 0.308090
1 0.375000 0.205549 0.033333 0.176768
0 0.486111 0.478806 0.033333 0.172548
1 0.569444 0.269100 0.033333 0.168328
1 0.625000 0.300875 0.033333 0.206433
0 0.708333 0.519053 0.033333 0.159825
0 0.847222 0.182213 0.033333 0.206433
1 0.875000 0.076274 0.033333 0.138662
0 0.902778 0.125024 0.033333 0.193710
1 0.958333 0.057221 0.033333 0.117437