0 0.097222 0.441029 0.033333 0.255884
1 0.180556 0.321797 0.033333 0.089220
0 0.236111 0.364100 0.033333 0.071286
1 0.291667 0.266664 0.033333 0.173842
0 0.319444 0.315386 0.033333 0.086655
1 0.375000 0.238465 0.033333 0.107187
0 0.402778 0.276930 0.033333 0.071286
0 0.458333 0.241029 0.033333 0.040515
1 0.541667 0.065390 0.033333 0.043079
1 0.652778 0.038465 0.033333 0.096930
0 0.736111 0.689743 0.033333 0.435369
1 0.791667 0.655124 0.033333 0.130249
0 0.875000 0.802564 0.033333 0.086672
0 0.958333 0.861535 0.033333 0.296930