0 0.013889 0.715696 0.033333 0.294482
0 0.097222 0.911748 0.033333 0.111526
1 0.125000 0.836591 0.033333 0.189957
0 0.180556 0.934641 0.033333 0.150717
1 0.236111 0.844764 0.033333 0.101729
0 0.263889 0.857836 0.033333 0.121276
1 0.319444 0.741815 0.033333 0.144169
0 0.347222 0.821895 0.033333 0.153967
0 0.513889 0.714047 0.033333 0.075537
0 0.569444 0.699350 0.033333 0.085334
1 0.763889 0.109497 0.033333 0.114728
0 0.819444 0.197725 0.033333 0.140920
0 0.902778 0.148712 0.033333 0.134372
0 0.958333 0.142188 0.033333 0.127824
1 0.986111 0.063734 0.033333 0.147468