1 0.097222 0.377764 0.033333 0.775528
0 0.125000 0.694410 0.033333 0.286667
1 0.152778 0.597226 0.033333 0.325507
0 0.208333 0.697226 0.033333 0.303395
1 0.263889 0.527785 0.033333 0.275569
0 0.291667 0.577805 0.033333 0.286667
0 0.347222 0.791677 0.033333 0.436646
1 0.458333 0.549979 0.033333 0.175528
0 0.541667 0.652795 0.033333 0.169979
1 0.597222 0.549979 0.033333 0.142236
1 0.791667 0.513913 0.033333 0.281118
0 0.847222 0.522236 0.033333 0.175528
1 0.875000 0.391677 0.033333 0.258923
1 0.930556 0.330559 0.033333 0.125590
0 0.986111 0.413872 0.033333 0.169979