0 0.013889 0.871097 0.033333 0.277805
1 0.069444 0.269513 0.033333 0.527805
1 0.236111 0.484390 0.033333 0.551221
0 0.319444 0.628903 0.033333 0.230974
1 0.347222 0.519513 0.033333 0.262195
0 0.375000 0.800792 0.033333 0.387195
1 0.402778 0.703110 0.033333 0.332558
1 0.486111 0.601584 0.033333 0.285610
0 0.541667 0.808597 0.033333 0.215247
1 0.625000 0.414084 0.033333 0.348169
0 0.680556 0.566403 0.033333 0.199637
1 0.763889 0.136708 0.033333 0.293416
1 0.847222 0.183597 0.033333 0.137195
0 0.986111 0.546831 0.033333 0.254390