0 0.013889 0.344420 0.033333 0.382947
1 0.097222 0.162947 0.033333 0.345893
0 0.180556 0.429632 0.033333 0.316317
1 0.208333 0.359263 0.033333 0.294107
0 0.263889 0.688895 0.033333 0.316317
0 0.347222 0.618527 0.033333 0.234733
1 0.402778 0.292578 0.033333 0.131050
0 0.458333 0.429632 0.033333 0.183057
1 0.486111 0.318527 0.033333 0.345893
1 0.736111 0.611105 0.033333 0.234843
0 0.847222 0.862947 0.033333 0.294107
1 0.875000 0.663002 0.033333 0.249577
0 0.930556 0.844475 0.033333 0.271897
1 0.958333 0.666685 0.033333 0.227477