0 0.013889 0.911268 0.033333 0.197464
1 0.041667 0.822536 0.033333 0.160856
1 0.097222 0.781696 0.033333 0.152393
1 0.152778 0.809841 0.033333 0.067892
0 0.208333 0.867590 0.033333 0.081965
1 0.263889 0.694358 0.033333 0.096070
0 0.319444 0.722536 0.033333 0.090428
1 0.430556 0.352108 0.033333 0.149572
1 0.569444 0.121125 0.033333 0.262250
0 0.625000 0.183090 0.033333 0.121394
1 0.736111 0.240840 0.033333 0.124248
0 0.791667 0.397179 0.033333 0.160856
1 0.847222 0.357733 0.033333 0.098891
0 0.902778 0.395768 0.033333 0.124248
0 0.986111 0.392947 0.033333 0.096037