1 0.013889 0.086177 0.033333 0.192354
0 0.152778 0.527840 0.033333 0.249814
1 0.208333 0.412919 0.033333 0.239024
1 0.263889 0.438061 0.033333 0.106190
1 0.375000 0.545780 0.033333 0.106190
0 0.430556 0.600555 0.033333 0.104383
1 0.486111 0.548477 0.033333 0.097181
1 0.541667 0.697496 0.033333 0.362901
0 0.569444 0.844708 0.033333 0.251595
1 0.625000 0.588875 0.033333 0.231875
0 0.708333 0.756751 0.033333 0.273149
0 0.763889 0.739688 0.033333 0.346769
0 0.875000 0.927298 0.033333 0.165405
0 0.930556 0.921012 0.033333 0.073846
1 0.986111 0.857280 0.033333 0.154641