1 0.014286 0.596354 0.034286 0.020000
0 0.157143 0.917457 0.034286 0.111735
1 0.214286 0.669736 0.034286 0.020000
1 0.271429 0.720191 0.034286 0.139265
0 0.385714 0.871574 0.034286 0.166794
0 0.471429 0.912853 0.034286 0.194294
0 0.585714 0.669736 0.034286 0.020000
1 0.614286 0.541294 0.034286 0.093412
0 0.671429 0.623868 0.034286 0.075029
0 0.728571 0.619280 0.034286 0.065852
1 0.785714 0.142206 0.034286 0.304412
1 0.842857 0.229368 0.034286 0.111735
0 0.871429 0.403677 0.034286 0.020000
1 0.900000 0.327993 0.034286 0.042956