0 0.013889 0.499980 0.033333 0.176011
1 0.041667 0.370566 0.033333 0.179578
0 0.069444 0.430853 0.033333 0.151198
1 0.125000 0.193250 0.033333 0.406499
0 0.208333 0.154227 0.033333 0.271774
0 0.263889 0.301419 0.033333 0.133481
0 0.319444 0.328015 0.033333 0.250489
1 0.375000 0.182607 0.033333 0.200823
0 0.486111 0.535455 0.033333 0.282396
1 0.569444 0.450335 0.033333 0.176051
1 0.625000 0.588628 0.033333 0.183106
0 0.763889 0.893614 0.033333 0.232771
0 0.875000 0.634746 0.033333 0.246961
1 0.986111 0.624103 0.033333 0.133481