1 0.013889 0.166659 0.033333 0.353319
0 0.041667 0.381211 0.033333 0.230762
1 0.125000 0.260516 0.033333 0.203901
1 0.208333 0.369709 0.033333 0.131077
1 0.263889 0.363947 0.033333 0.088969
0 0.375000 0.624507 0.033333 0.134933
1 0.402778 0.603431 0.033333 0.131077
0 0.486111 0.655157 0.033333 0.134977
1 0.541667 0.603431 0.033333 0.169461
1 0.652778 0.664731 0.033333 0.069820
0 0.680556 0.741368 0.033333 0.215382
1 0.763889 0.726032 0.033333 0.123453
0 0.791667 0.787332 0.033333 0.146413
1 0.819444 0.773946 0.033333 0.142601
1 0.986111 0.950180 0.033333 0.088969