1 0.013158 0.170761 0.031579 0.341898
1 0.065789 0.119522 0.031579 0.141884
1 0.171053 0.104877 0.031579 0.229754
0 0.223684 0.212188 0.031579 0.434638
1 0.276316 0.121993 0.031579 0.146826
0 0.328947 0.495130 0.031579 0.190725
1 0.381579 0.351225 0.031579 0.185782
1 0.434211 0.378043 0.031579 0.122406
1 0.539474 0.539029 0.031579 0.180986
1 0.671053 0.807290 0.031579 0.200464
0 0.750000 0.941457 0.031579 0.137087
0 0.907895 0.765862 0.031579 0.146826
1 0.934211 0.724399 0.031579 0.220015
1 0.986842 0.712188 0.031579 0.156638