0 0.069444 0.969438 0.033333 0.081125
1 0.125000 0.700000 0.033333 0.242214
0 0.180556 0.855554 0.033333 0.175536
0 0.236111 0.850000 0.033333 0.097786
0 0.291667 0.833321 0.033333 0.020000
1 0.375000 0.611125 0.033333 0.153321
0 0.402778 0.622232 0.033333 0.153321
1 0.458333 0.472214 0.033333 0.120000
0 0.486111 0.511125 0.033333 0.086679
1 0.541667 0.250000 0.033333 0.297786
0 0.625000 0.366679 0.033333 0.175571
1 0.708333 0.066679 0.033333 0.153357
0 0.736111 0.161125 0.033333 0.253321
0 0.875000 0.711107 0.033333 0.064429
1 0.902778 0.522232 0.033333 0.397750