0 0.013889 0.441176 0.033333 0.421113
1 0.041667 0.200517 0.033333 0.249968
0 0.069444 0.310135 0.033333 0.287329
1 0.097222 0.213871 0.033333 0.308792
0 0.125000 0.406399 0.033333 0.244563
1 0.208333 0.088235 0.033333 0.196471
1 0.291667 0.163076 0.033333 0.207202
1 0.375000 0.286089 0.033333 0.260700
0 0.402778 0.409062 0.033333 0.228585
0 0.458333 0.379650 0.033333 0.212528
1 0.486111 0.267369 0.033333 0.351558
1 0.597222 0.620310 0.033333 0.233911
0 0.652778 0.898410 0.033333 0.223180
1 0.708333 0.759380 0.033333 0.255294
0 0.763889 0.882353 0.033333 0.148299
1 0.902778 0.665739 0.033333 0.164356
1 0.986111 0.762043 0.033333 0.175087