1 0.013889 0.607078 0.033333 0.020000
1 0.208333 0.410678 0.033333 0.055753
1 0.263889 0.517816 0.033333 0.270030
0 0.291667 0.910678 0.033333 0.198645
1 0.347222 0.508908 0.033333 0.644895
1 0.458333 0.464247 0.033333 0.377169
0 0.541667 0.821416 0.033333 0.091386
1 0.597222 0.571386 0.033333 0.162892
0 0.652778 0.732154 0.033333 0.555693
1 0.680556 0.428554 0.033333 0.305783
0 0.736111 0.696401 0.033333 0.448554
0 0.791667 0.821355 0.033333 0.020000
0 0.875000 0.696401 0.033333 0.127139
0 0.930556 0.464247 0.033333 0.377169
1 0.986111 0.160708 0.033333 0.341416