0 0.013158 0.689301 0.031579 0.641397
0 0.065789 0.739285 0.031579 0.398496
1 0.092105 0.671435 0.031579 0.320011
0 0.144737 0.782144 0.031579 0.284277
1 0.171053 0.542859 0.031579 0.334261
0 0.223684 0.732160 0.031579 0.284277
1 0.302632 0.260715 0.031579 0.455712
0 0.328947 0.549984 0.031579 0.391477
1 0.407895 0.160693 0.031579 0.341387
1 0.460526 0.121397 0.031579 0.262795
0 0.486842 0.239285 0.031579 0.155701
1 0.513158 0.135701 0.031579 0.291403
1 0.592105 0.335744 0.031579 0.291403
1 0.644737 0.510688 0.031579 0.227168
0 0.697368 0.596405 0.031579 0.141451
1 0.723684 0.425024 0.031579 0.455712
0 0.881579 0.278581 0.031579 0.220043
0 0.960526 0.103584 0.031579 0.227168