0 0.013889 0.267868 0.033333 0.395025
1 0.069444 0.138401 0.033333 0.296802
0 0.152778 0.616041 0.033333 0.323554
1 0.208333 0.500000 0.033333 0.180711
1 0.291667 0.683021 0.033333 0.171827
0 0.347222 0.852665 0.033333 0.189695
1 0.402778 0.745558 0.033333 0.225430
0 0.486111 0.924137 0.033333 0.171727
1 0.513889 0.861599 0.033333 0.100355
0 0.541667 0.919645 0.033333 0.180711
0 0.652778 0.883909 0.033333 0.216446
0 0.763889 0.705330 0.033333 0.216446
1 0.791667 0.535736 0.033333 0.252182
0 0.875000 0.825863 0.033333 0.136091
0 0.986111 0.812537 0.033333 0.144975