0 0.013889 0.885560 0.033333 0.248881
1 0.097222 0.728855 0.033333 0.181991
0 0.125000 0.786952 0.033333 0.171418
0 0.180556 0.741181 0.033333 0.262960
0 0.291667 0.617947 0.033333 0.129128
1 0.319444 0.568643 0.033333 0.171418
0 0.347222 0.582723 0.033333 0.171418
0 0.402778 0.552811 0.033333 0.118608
0 0.486111 0.552811 0.033333 0.118608
1 0.680556 0.559850 0.033333 0.358061
0 0.708333 0.714775 0.033333 0.167859
1 0.763889 0.267586 0.033333 0.294626
0 0.847222 0.429577 0.033333 0.153832
0 0.986111 0.068643 0.033333 0.143260