1 0.013889 0.199654 0.033333 0.419308
1 0.069444 0.149308 0.033333 0.143378
0 0.291667 0.633111 0.033333 0.247290
1 0.375000 0.555176 0.033333 0.214848
0 0.430556 0.556811 0.033333 0.198602
1 0.458333 0.413943 0.033333 0.172600
1 0.569444 0.504854 0.033333 0.101130
0 0.597222 0.560055 0.033333 0.146646
1 0.625000 0.504854 0.033333 0.140158
0 0.652778 0.538931 0.033333 0.123912
1 0.708333 0.461021 0.033333 0.182357
0 0.763889 0.795444 0.033333 0.156403
1 0.791667 0.748366 0.033333 0.146646
0 0.847222 0.847400 0.033333 0.195334
1 0.902778 0.876622 0.033333 0.266756
1 0.986111 0.847376 0.033333 0.201823