1 0.013889 0.184201 0.033333 0.388402
1 0.097222 0.321029 0.033333 0.346320
0 0.152778 0.652639 0.033333 0.209492
1 0.208333 0.415836 0.033333 0.177869
1 0.291667 0.468438 0.033333 0.220073
1 0.375000 0.568414 0.033333 0.146368
0 0.430556 0.757966 0.033333 0.251574
0 0.486111 0.757966 0.033333 0.209492
0 0.541667 0.657930 0.033333 0.262155
1 0.597222 0.515811 0.033333 0.146247
0 0.625000 0.578995 0.033333 0.230533
1 0.652778 0.410545 0.033333 0.377942
0 0.930556 0.968438 0.033333 0.083123
1 0.986111 0.852712 0.033333 0.167409