1 0.013889 0.638877 0.033333 0.533877
0 0.041667 0.901033 0.033333 0.217934
1 0.180556 0.470498 0.033333 0.127627
0 0.236111 0.654502 0.033333 0.162373
1 0.319444 0.319439 0.033333 0.283877
0 0.347222 0.368061 0.033333 0.318623
1 0.375000 0.142398 0.033333 0.214439
0 0.402778 0.211811 0.033333 0.270000
1 0.458333 0.118061 0.033333 0.145000
1 0.513889 0.135408 0.033333 0.151939
0 0.597222 0.274311 0.033333 0.110255
1 0.625000 0.175370 0.033333 0.141505
0 0.652778 0.196186 0.033333 0.162373
1 0.680556 0.123278 0.033333 0.079056
0 0.736111 0.163214 0.033333 0.110306
1 0.763889 0.126748 0.033333 0.127627
0 0.847222 0.138929 0.033333 0.221377
1 0.986111 0.069464 0.033333 0.158929