0 0.013889 0.806820 0.033333 0.269949
1 0.041667 0.654544 0.033333 0.183678
0 0.069444 0.806787 0.033333 0.333621
1 0.152778 0.590940 0.033333 0.256349
0 0.236111 0.927262 0.033333 0.165477
1 0.319444 0.397760 0.033333 0.233614
0 0.402778 0.563638 0.033333 0.147208
1 0.458333 0.497733 0.033333 0.179145
0 0.486111 0.588639 0.033333 0.270017
0 0.625000 0.493200 0.033333 0.206345
0 0.736111 0.222748 0.033333 0.156410
1 0.763889 0.156844 0.033333 0.133675
0 0.819444 0.261384 0.033333 0.197279
0 0.902778 0.211381 0.033333 0.279016