0 0.013889 0.343091 0.033333 0.206219
1 0.041667 0.265298 0.033333 0.157735
0 0.069444 0.389021 0.033333 0.247025
1 0.152778 0.123724 0.033333 0.267447
0 0.263889 0.715547 0.033333 0.190902
1 0.291667 0.659424 0.033333 0.144991
0 0.319444 0.667102 0.033333 0.155202
1 0.375000 0.570154 0.033333 0.160307
0 0.430556 0.672188 0.033333 0.170518
1 0.458333 0.589290 0.033333 0.244491
1 0.541667 0.524223 0.033333 0.134780
0 0.652778 0.715566 0.033333 0.114395
1 0.680556 0.686219 0.033333 0.157735
1 0.763889 0.783167 0.033333 0.137351
1 0.875000 0.867332 0.033333 0.086334