1 0.013889 0.739566 0.033333 0.186660
1 0.125000 0.819422 0.033333 0.200558
0 0.152778 0.902772 0.033333 0.214457
1 0.263889 0.748263 0.033333 0.224860
0 0.319444 0.805543 0.033333 0.145005
1 0.347222 0.779494 0.033333 0.106805
0 0.402778 0.798614 0.033333 0.124158
1 0.458333 0.706588 0.033333 0.092906
0 0.625000 0.902772 0.033333 0.117248
1 0.680556 0.805543 0.033333 0.117208
0 0.763889 0.840269 0.033333 0.124158
0 0.847222 0.762141 0.033333 0.141511
1 0.902778 0.284716 0.033333 0.589432
0 0.930556 0.394095 0.033333 0.398470
1 0.986111 0.270837 0.033333 0.186660