1 0.013889 0.162900 0.033333 0.345800
0 0.125000 0.748857 0.033333 0.404584
0 0.180556 0.843893 0.033333 0.332214
0 0.236111 0.850652 0.033333 0.264350
0 0.319444 0.601796 0.033333 0.436263
1 0.347222 0.319007 0.033333 0.305042
0 0.430556 0.671946 0.033333 0.377479
1 0.513889 0.481907 0.033333 0.205499
0 0.569444 0.518126 0.033333 0.178394
1 0.652778 0.228511 0.033333 0.160234
1 0.763889 0.323547 0.033333 0.160234
0 0.875000 0.642554 0.033333 0.137635
1 0.902778 0.597323 0.033333 0.119543
0 0.958333 0.626715 0.033333 0.169314